game.Players.LocalPlayer.Character.HumanoidRootPart.CFrame = CFrame.new(-54.9713211, 43.9850693, 1343.98071, -0.154175252, 0.666345179, -0.729530036, 0.190655217, 0.744545341, 0.639767826, 0.969474375, -0.0404523462, -0.241832644)

game.Players.LocalPlayer.Character.HumanoidRootPart.CFrame = CFrame.new(-53.7807388, 43.2457428, 1353.90308, 0.145828024, -0.439526081, -0.88631314, 0.195818856, 0.890989006, -0.409626126, 0.969736636, -0.113821834, 0.215998664)

game.Players.LocalPlayer.Character.HumanoidRootPart.CFrame = CFrame.new(-54.1204681, 43.2223015, 1357.88953, 0.142014891, -0.45186621, -0.880709052, 0.200113893, 0.88446182, -0.421523064, 0.969425619, -0.116379552, 0.216031417)

game.Players.LocalPlayer.Character.HumanoidRootPart.CFrame = CFrame.new(-53.4316406, 43.2222481, 1361.80811, 0.198040694, -0.458108038, -0.866554558, 0.20003745, 0.884347796, -0.421798319, 0.959564805, -0.0898101181, 0.266775578)

game.Players.LocalPlayer.Character.HumanoidRootPart.CFrame = CFrame.new(-53.2201843, 43.3195915, 1365.81848, 0.191092432, -0.480885535, -0.855705976, 0.246968016, 0.86728102, -0.432238638, 0.949994981, -0.128734455, 0.284494191)

game.Players.LocalPlayer.Character.HumanoidRootPart.CFrame = CFrame.new(-51.7857437, 43.2356911, 1377.70862, 0.0677966028, -0.42858696, -0.900953293, 0.216663018, 0.887805164, -0.406028509, 0.97388947, -0.167675868, 0.153049126)

game.Players.LocalPlayer.Character.HumanoidRootPart.CFrame = CFrame.new(-51.6979294, 43.1987762, 1381.70068, 0.0686189458, -0.422908545, -0.903570533, 0.197748959, 0.893500388, -0.403177828, 0.977847993, -0.151014507, 0.144940749)

game.Players.LocalPlayer.Character.HumanoidRootPart.CFrame = CFrame.new(-50.799778, 43.2569313, 1389.5885, 0.17665942, -0.510321617, -0.841643155, 0.207184762, 0.855213642, -0.475062221, 0.962219238, -0.0904514343, 0.256812364)

game.Players.LocalPlayer.Character.HumanoidRootPart.CFrame = CFrame.new(-39.9723625, 46.2238808, 2122.66455, 0.139022648, -0.446608067, -0.883863032, 0.184047103, 0.888632774, -0.420069396, 0.97303617, -0.10427326, 0.205737039)

game.Players.LocalPlayer.Character.HumanoidRootPart.CFrame = CFrame.new(-72.8660889, 44.0171242, 2125.34644, 0.0334028862, -0.02200111, -0.999199808, 0.0465504006, 0.998706937, -0.0204340946, 0.998357296, -0.0458305888, 0.034383852)

game.Players.LocalPlayer.Character.HumanoidRootPart.CFrame = CFrame.new(-70.8598862, 44.0413437, 2129.21777, 0.00544543564, -0.0366685987, -0.999312639, 0.00981167518, 0.999281287, -0.0366139822, 0.999937057, -0.00960555207, 0.00580130238)

game.Players.LocalPlayer.Character.HumanoidRootPart.CFrame = CFrame.new(-69.9778214, 44.0275116, 2141.19702, 0.0561273657, 0.0438354872, -0.997460842, -0.0282907486, 0.998704433, 0.0422982089, 0.998022735, 0.0258448273, 0.057294786)

game.Players.LocalPlayer.Character.HumanoidRootPart.CFrame = CFrame.new(-69.9853058, 44.0019035, 2149.20972, -0.111077681, 0.312953353, -0.943250716, -0.0213997364, 0.948150933, 0.317099184, 0.993581295, 0.05540796, -0.0986212865)

game.Players.LocalPlayer.Character.HumanoidRootPart.CFrame = CFrame.new(-68.7312851, 44.0640411, 2165.09106, -0.0302570183, 0.0314186737, -0.999048233, -0.0239715539, 0.999195576, 0.0321493037, 0.999254644, 0.0249214824, -0.0294795223)

game.Players.LocalPlayer.Character.HumanoidRootPart.CFrame = CFrame.new(-76.9622726, 43.79673, 2891.9165, -0.0726681352, 0.0170526728, -0.997210383, 0.0628957674, 0.99794203, 0.0124818813, 0.995371044, -0.0618132763, -0.073591128)

game.Players.LocalPlayer.Character.HumanoidRootPart.CFrame = CFrame.new(-73.8343735, 43.9535484, 2899.45215, 0.0103797708, -0.0438458733, -0.998984396, -0.0298873819, 0.99857825, -0.044138588, 0.999499381, 0.0303151757, 0.00905457512)

game.Players.LocalPlayer.Character.HumanoidRootPart.CFrame = CFrame.new(-69.8459549, 44.0418243, 2910.9646, 0.00358492299, -0.156296626, -0.987703681, 0.0412876569, 0.986890912, -0.156018168, 0.999140859, -0.0402206555, 0.00999104977)

game.Players.LocalPlayer.Character.HumanoidRootPart.CFrame = CFrame.new(-69.2571335, 44.0758133, 2918.95752, 0.0162313152, -0.152455583, -0.988177001, -0.0396243818, 0.987432778, -0.152991608, 0.999082804, 0.0416391604, 0.00998637453)

game.Players.LocalPlayer.Character.HumanoidRootPart.CFrame = CFrame.new(-67.738678, 44.1719818, 2934.86108, 0.0142198363, -0.152867392, -0.988144398, -0.027604796, 0.987807631, -0.153212532, 0.999517798, 0.0294561815, 0.00982658751)

game.Players.LocalPlayer.Character.HumanoidRootPart.CFrame = CFrame.new(-37.4979935, 49.0514793, 3656.71582, 0.0368770584, -0.114827029, -0.992700756, 0.0455538966, 0.992536962, -0.11311584, 0.998281002, -0.0410500094, 0.0418326631)

game.Players.LocalPlayer.Character.HumanoidRootPart.CFrame = CFrame.new(-37.730484, 49.0169373, 3668.72827, 0.0472793765, -0.0939976797, -0.994449139, -0.0362054408, 0.994747043, -0.0957471579, 0.998225331, 0.0405313335, 0.0436277911)

game.Players.LocalPlayer.Character.HumanoidRootPart.CFrame = CFrame.new(-31.718399, 49.1771469, 3675.3772, 0.0465583876, -0.108390741, -0.993017495, -0.037328884, 0.993212402, -0.110162206, 0.998217821, 0.0421972126, 0.0421962626)

game.Players.LocalPlayer.Character.HumanoidRootPart.CFrame = CFrame.new(-31.1775265, 49.1831131, 3687.35645, 0.0463863388, -0.108032994, -0.993064523, -0.0323523208, 0.993450642, -0.109586179, 0.998399556, 0.0372112431, 0.0425874218)

game.Players.LocalPlayer.Character.HumanoidRootPart.CFrame = CFrame.new(-31.325861, 49.0658379, 3691.44214, 0.0463387556, -0.0987687111, -0.994030893, -0.036059171, 0.994285941, -0.100475021, 0.998274744, 0.0404998176, 0.0425124578)
